0 0
1 1
2 2
3 3
4 1
5 3
6 1
7 4
8 1
9 2
10 0
11 0
12 0
13 3
14 5
15 2
16 2
17 1
18 3
19 0
20 7
21 3
22 6
23 0
24 7
25 1
26 6
27 1
28 3
29 7
30 0
31 0
32 3
33 0
34 1
35 2
36 1
37 6
38 6
39 4
40 7
41 0
42 0
43 0
44 3
45 6
46 1
47 0
48 6
49 0
50 0
51 0
52 3
53 2
54 2
55 0
56 0
57 3
58 7
59 3
60 0
61 2
62 7
63 3
64 0
65 3
66 4
67 0
68 6
69 6
70 6
71 1
72 7
73 7
74 1
75 0
76 3
77 6
78 6
79 0
80 6
81 0
82 7
83 0
84 0
85 0
86 2
87 6
88 1
89 1
90 1
91 0
92 0
93 0
94 0
95 0
96 6
97 2
98 0
99 3
100 1
101 6
102 0
103 6
104 0
105 7
106 3
107 5
108 7
109 7
110 6
111 3
112 1
113 4
114 7
115 0
116 2
117 6
118 3
119 0
120 6
121 0
122 6
123 2
124 0
125 7
126 0
127 0
128 0
129 0
130 0
131 0
132 1
133 6
134 7
135 7
136 6
137 3
138 0
139 2
140 0
141 1
142 7
143 7
144 0
145 0
146 3
147 0
148 3
149 1
150 6
151 2
152 7
153 3
154 0
155 6
156 6
157 6
158 1
159 0
160 3
161 0
162 6
163 2
164 0
165 3
166 6
167 6
168 0
169 0
170 0
171 3
172 6
173 6
174 6
175 6
176 5
177 0
178 6
179 0
180 7
181 7
182 0
183 6
184 0
185 0
186 7
187 0
188 6
189 0
190 2
191 6
192 6
193 0
194 7
195 1
196 3
197 6
198 7
199 0
200 6
201 6
202 0
203 7
204 7
205 0
206 6
207 0
208 0
209 0
210 0
211 0
212 6
213 0
214 6
215 0
216 3
217 0
218 0
219 0
220 6
221 6
222 6
223 6
224 6
225 7
226 0
227 3
228 6
229 0
230 3
231 0
232 3
233 7
234 7
235 0
236 6
237 6
238 1
239 6
240 7
241 3
242 7
243 3
244 3
245 0
246 6
247 7
248 0
249 0
250 2
251 6
252 7
253 6
254 7
255 7
256 6
257 7
258 6
259 7
260 7
261 6
262 0
263 0
264 6
265 6
266 6
267 3
268 6
269 0
270 2
271 3
272 0
273 6
274 0
275 3
276 0
277 3
278 6
279 3
280 6
281 0
282 6
283 7
284 0
285 0
286 0
287 6
288 7
289 0
290 0
291 0
292 0
293 1
294 3
295 0
296 0
297 0
298 1
299 7
300 0
301 7
302 0
303 2
304 0
305 0
306 1
307 0
308 7
309 2
310 3
311 0
312 0
313 0
314 7
315 4
316 0
317 0
318 0
319 1
320 2
321 0
322 0
323 7
324 3
325 6
326 0
327 3
328 6
329 0
330 3
331 6
332 0
333 6
334 0
335 0
336 2
337 3
338 6
339 6
340 7
341 6
342 7
343 0
344 1
345 0
346 6
347 0
348 7
349 2
350 6
351 4
352 6
353 2
354 0
355 7
356 0
357 7
358 5
359 3
360 0
361 6
362 3
363 3
364 3
365 6
366 6
367 3
368 3
369 3
370 0
371 6
372 7
373 7
374 6
375 0
376 2
377 6
378 6
379 7
380 3
381 0
382 7
383 3
384 6
385 1
386 0
387 3
388 0
389 6
390 0
391 0
392 6
393 7
394 7
395 2
396 7
397 7
398 6
399 6
400 1
401 0
402 7
403 0
404 0
405 7
406 7
407 2
408 1
409 0
410 7
411 2
412 0
413 3
414 3
415 6
416 7
417 7
418 6
419 0
420 6
421 3
422 0
423 0
424 1
425 7
426 7
427 1
428 3
429 0
430 0
431 7
432 0
433 6
434 6
435 6
436 2
437 0
438 0
439 3
440 6
441 0
442 0
443 3
444 0
445 0
446 5
447 6
448 3
449 3
450 6
451 5
452 0
453 0
454 6
455 6
456 7
457 0
458 0
459 3
460 7
461 7
462 6
463 6
464 6
465 3
466 0
467 0
468 6
469 0
470 7
471 6
472 0
473 3
474 6
475 0
476 7
477 6
478 0
479 2
480 5
481 0
482 3
483 6
484 0
485 7
486 6
487 0
488 0
489 7
490 7
491 6
492 3
493 5
494 0
495 0
496 0
497 6
498 0
499 6
500 7
501 6
502 5
503 3
504 2
505 6
506 6
507 6
508 0
509 6
510 3
511 6
512 3
513 3
514 3
515 7
516 0
517 0
518 6
519 0
520 7
521 0
522 6
523 0
524 2
525 7
526 0
527 7
528 6
529 6
530 0
531 0
532 2
533 0
534 6
535 3
536 0
537 6
538 0
539 7
540 6
541 3
542 0
543 0
544 6
545 0
546 6
547 7
548 3
549 3
550 0
551 6
552 6
553 0
554 0
555 0
556 3
557 0
558 0
559 0
560 0
561 3
562 3
563 7
564 0
565 0
566 7
567 3
568 3
569 3
570 3
571 3
572 3
573 6
574 6
575 0
576 3
577 0
578 7
579 0
580 0
581 3
582 7
583 0
584 6
585 6
586 3
587 0
588 6
589 6
590 2
591 0
592 0
593 3
594 3
595 6
596 6
597 6
598 3
599 2
600 3
601 6
602 3
603 0
604 6
605 3
606 0
607 6
608 0
609 0
610 3
611 6
612 7
613 6
614 3
615 0
616 7
617 0
618 3
619 0
620 0
621 6
622 6
623 7
624 3
625 0
626 6
627 0
628 0
629 6
630 6
631 6
632 3
633 6
634 6
635 0
636 6
637 6
638 0
639 6
640 2
641 0
642 6
643 6
644 0
645 3
646 6
647 5
648 0
649 7
650 0
651 3
652 0
653 6
654 6
655 0
656 0
657 7
658 0
659 3
660 7
661 0
662 2
663 0
664 6
665 3
666 6
667 0
668 6
669 3
670 3
671 0
672 3
673 6
674 3
675 6
676 0
677 6
678 6
679 7
680 7
681 0
682 2
683 6
684 6
685 6
686 0
687 6
688 0
689 6
690 5
691 6
692 6
693 6
694 0
695 3
696 0
697 6
698 6
699 3
700 0
701 7
702 6
703 3
704 3
705 0
706 7
707 0
708 0
709 0
710 6
711 5
712 6
713 3
714 6
715 2
716 7
717 3
718 2
719 3
720 3
721 6
722 3
723 7
724 7
725 7
726 5
727 0
728 0
729 6
730 0
731 0
732 6
733 6
734 2
735 6
736 6
737 6
738 6
739 0
740 1
741 7
742 3
743 3
744 3
745 6
746 6
747 3
748 7
749 6
750 3
751 3
752 3
753 6
754 6
755 3
756 0
757 6
758 6
759 6
760 6
761 6
762 6
763 7
764 6
765 0
766 0
767 7
768 7
769 5
770 7
771 7
772 6
773 3
774 6
775 6
776 0
777 3
778 0
779 6
780 0
781 6
782 2
783 6
784 0
785 5
786 6
787 6
788 7
789 2
790 0
791 3
792 3
793 6
794 0
795 0
796 2
797 6
798 0
799 1
800 3
801 0
802 6
803 0
804 0
805 3
806 6
807 0
808 6
809 0
810 0
811 6
812 3
813 7
814 2
815 6
816 6
817 6
818 0
819 0
820 0
821 6
822 3
823 7
824 6
825 2
826 7
827 6
828 0
829 0
830 6
831 2
832 6
833 6
834 0
835 0
836 6
837 6
838 6
839 3
840 0
841 6
842 6
843 7
844 0
845 7
846 6
847 6
848 6
849 3
850 3
851 6
852 6
853 2
854 0
855 0
856 5
857 6
858 6
859 6
860 0
861 6
862 5
863 0
864 6
865 3
866 6
867 3
868 3
869 6
870 6
871 3
872 6
873 3
874 6
875 6
876 3
877 6
878 6
879 3
880 6
881 6
882 3
883 3
884 7
885 6
886 6
887 6
888 3
889 6
890 3
891 6
892 0
893 6
894 2
895 2
896 0
897 3
898 3
899 7
900 3
901 6
902 7
903 6
904 6
905 6
906 0
907 3
908 2
909 6
910 5
911 1
912 2
913 0
914 3
915 0
916 0
917 5
918 5
919 5
920 0
921 0
922 0
923 0
924 3
925 3
926 6
927 0
928 0
929 0
930 3
931 6
932 2
933 3
934 0
935 6
936 3
937 6
938 6
939 3
940 3
941 6
942 6
943 3
944 3
945 6
946 0
947 7
948 6
949 6
950 0
951 3
952 2
953 3
954 6
955 3
956 0
957 6
958 0
959 6
960 6
961 6
962 0
963 7
964 6
965 0
966 3
967 0
968 3
969 0
970 0
971 3
972 6
973 7
974 0
975 6
976 6
977 0
978 3
979 0
980 6
981 6
982 0
983 0
984 6
985 7
986 0
987 6
988 0
989 6
990 6
991 6
992 0
993 3
994 7
995 6
996 0
997 0
998 3
999 5
1000 6
1001 5
1002 0
1003 1
1004 6
1005 6
1006 6
1007 3
1008 0
1009 7
1010 6
1011 3
1012 0
1013 6
1014 0
1015 3
1016 0
1017 2
1018 0
1019 0
1020 3
1021 6
1022 0
1023 3
1024 3
1025 0
1026 2
1027 3
1028 7
1029 3
1030 0
1031 6
1032 6
1033 6
1034 5
1035 6
1036 6
1037 6
1038 6
1039 6
1040 2
1041 7
1042 0
1043 4
1044 6
1045 3
1046 0
1047 7
1048 0
1049 6
1050 3
1051 7
1052 4
1053 6
1054 0
1055 6
1056 3
1057 6
1058 3
1059 0
1060 7
1061 0
1062 0
1063 0
1064 0
1065 6
1066 0
1067 6
1068 6
1069 3
1070 6
1071 7
1072 0
1073 2
1074 7
1075 6
1076 2
1077 4
1078 6
1079 2
1080 6
1081 6
1082 3
1083 0
1084 0
1085 4
1086 0
1087 6
1088 2
1089 6
1090 0
1091 6
1092 6
1093 0
1094 0
1095 0
1096 7
1097 2
1098 7
1099 6
1100 7
1101 0
1102 0
1103 6
1104 7
1105 7
1106 2
1107 0
1108 0
1109 0
1110 0
1111 3
1112 4
1113 3
1114 0
1115 4
1116 6
1117 2
1118 3
1119 0
1120 7
1121 4
1122 2
1123 6
1124 7
1125 0
1126 3
1127 0
1128 2
1129 7
1130 6
1131 0
1132 6
1133 6
1134 0
1135 7
1136 6
1137 7
1138 0
1139 7
1140 0
1141 7
1142 6
1143 6
1144 2
1145 3
1146 0
1147 5
1148 1
1149 2
1150 7
1151 6
1152 0
1153 7
1154 3
1155 6
1156 6
1157 2
1158 0
1159 6
1160 6
1161 6
1162 6
1163 6
1164 6
1165 6
1166 6
1167 0
1168 6
1169 3
1170 6
1171 3
1172 0
1173 5
1174 6
1175 0
1176 0
1177 0
1178 7
1179 3
1180 7
1181 7
1182 4
1183 4
1184 0
1185 7
1186 6
1187 6
1188 0
1189 6
1190 6
1191 0
1192 6
1193 3
1194 0
1195 3
1196 6
1197 3
1198 4
1199 0
1200 6
1201 6
1202 6
1203 5
1204 0
1205 0
1206 0
1207 2
1208 0
1209 0
1210 7
1211 4
1212 7
1213 6
1214 3
1215 2
1216 6
1217 6
1218 6
1219 0
1220 2
1221 1
1222 2
1223 6
1224 4
1225 0
1226 7
1227 6
1228 6
1229 0
1230 0
1231 0
1232 7
1233 0
1234 6
1235 7
1236 7
1237 6
1238 7
1239 7
1240 3
1241 5
1242 0
1243 0
1244 0
1245 6
1246 6
1247 0
1248 0
1249 6
1250 6
1251 0
1252 3
1253 6
1254 2
1255 0
1256 6
1257 2
1258 6
1259 7
1260 0
1261 0
1262 6
1263 3
1264 7
1265 0
1266 6
1267 6
1268 6
1269 7
1270 0
1271 0
1272 2
1273 2
1274 6
1275 6
1276 6
1277 6
1278 6
1279 2
1280 6
1281 0
1282 0
1283 3
1284 6
1285 6
1286 6
1287 3
1288 6
1289 0
1290 0
1291 6
1292 6
1293 3
1294 0
1295 6
1296 6
1297 3
1298 6
1299 6
1300 6
1301 6
1302 3
1303 0
1304 0
1305 7
1306 6
1307 7
1308 2
1309 6
1310 7
1311 6
1312 7
1313 7
1314 6
1315 0
1316 6
1317 0
1318 7
1319 7
1320 0
1321 7
1322 6
1323 0
1324 0
1325 0
1326 0
1327 0
1328 0
1329 0
1330 0
1331 6
1332 7
1333 0
1334 6
1335 0
1336 2
1337 0
1338 6
1339 0
1340 0
1341 3
1342 7
1343 7
1344 2
1345 2
1346 6
1347 3
1348 0
1349 0
1350 7
1351 0
1352 0
1353 0
1354 0
1355 2
1356 2
1357 0
1358 6
1359 0
1360 3
1361 2
1362 7
1363 0
1364 0
1365 0
1366 3
1367 0
1368 6
1369 3
1370 7
1371 7
1372 6
1373 6
1374 3
1375 0
1376 0
1377 3
1378 6
1379 3
1380 3
1381 6
1382 0
1383 0
1384 6
1385 0
1386 7
1387 0
1388 7
1389 7
1390 6
1391 6
1392 3
1393 6
1394 6
1395 6
1396 0
1397 3
1398 6
1399 3
1400 6
1401 7
1402 0
1403 3
1404 6
1405 3
1406 6
1407 0
1408 3
1409 3
1410 0
1411 0
1412 0
1413 4
1414 4
1415 0
1416 0
1417 0
1418 7
1419 6
1420 6
1421 3
1422 7
1423 0
1424 6
1425 0
1426 4
1427 7
1428 0
1429 0
1430 1
1431 0
1432 0
1433 2
1434 2
1435 0
1436 7
1437 2
1438 4
1439 2
1440 0
1441 3
1442 4
1443 3
1444 6
1445 4
1446 7
1447 2
1448 3
1449 2
1450 0
1451 0
1452 0
1453 6
1454 3
1455 6
1456 4
1457 7
1458 7
1459 4
1460 2
1461 7
1462 0
1463 6
1464 3
1465 6
1466 0
1467 0
1468 6
1469 0
1470 2
1471 0
1472 7
1473 0
1474 7
1475 0
1476 7
1477 2
1478 7
1479 6
1480 3
1481 7
1482 0
1483 0
1484 0
1485 6
1486 3
1487 5
1488 1
1489 0
1490 0
1491 0
1492 2
1493 6
1494 0
1495 0
1496 6
1497 0
1498 7
1499 6
1500 7
1501 6
1502 0
1503 7
1504 0
1505 7
1506 0
1507 3
1508 0
1509 3
1510 3
1511 6
1512 0
1513 6
1514 0
1515 0
1516 6
1517 6
1518 0
1519 7
1520 7
1521 0
1522 0
1523 0
1524 0
1525 7
1526 0
1527 2
1528 5
1529 0
1530 6
1531 3
1532 0
1533 3
1534 7
1535 0
1536 3
1537 7
1538 7
1539 0
1540 7
1541 0
1542 0
1543 3
1544 7
1545 6
1546 7
1547 6
1548 0
1549 0
1550 3
1551 5
1552 6
1553 3
1554 0
1555 3
1556 6
1557 3
1558 6
1559 2
1560 3
1561 6
1562 7
1563 6
1564 6
1565 3
1566 7
1567 6
1568 6
1569 6
1570 0
1571 3
1572 3
1573 2
1574 6
1575 1
1576 7
1577 0
1578 0
1579 6
1580 0
1581 0
1582 6
1583 0
1584 3
1585 0
1586 0
1587 2
1588 6
1589 7
1590 6
1591 0
1592 3
1593 0
1594 0
1595 0
1596 0
1597 0
1598 6
1599 3
1600 6
1601 2
1602 7
1603 3
1604 0
1605 6
1606 6
1607 0
1608 2
1609 0
1610 3
1611 2
1612 0
1613 6
1614 6
1615 6
1616 3
1617 0
1618 0
1619 3
1620 0
1621 3
1622 3
1623 6
1624 6
1625 6
1626 6
1627 6
1628 6
1629 6
1630 0
1631 0
1632 0
1633 6
1634 6
1635 7
1636 6
1637 0
1638 0
1639 7
1640 0
1641 3
1642 0
1643 0
1644 3
1645 6
1646 2
1647 0
1648 0
1649 2
1650 6
1651 7
1652 6
1653 0
1654 6
1655 3
1656 0
1657 3
1658 6
1659 0
1660 6
1661 7
1662 3
1663 3
1664 0
1665 0
1666 6
1667 2
1668 0
1669 0
1670 0
1671 0
1672 0
1673 0
1674 3
1675 0
1676 2
1677 3
1678 3
1679 0
1680 6
1681 6
1682 6
1683 6
1684 6
1685 6
1686 6
1687 0
1688 6
1689 7
1690 3
1691 6
1692 0
1693 3
1694 0
1695 5
1696 6
1697 0
1698 6
1699 6
1700 6
1701 6
1702 6
1703 0
1704 0
1705 0
1706 0
1707 6
1708 7
1709 7
1710 7
1711 7
1712 0
1713 0
1714 3
1715 3
1716 6
1717 3
1718 7
1719 6
1720 6
1721 0
1722 7
1723 0
1724 0
1725 0
1726 3
1727 0
1728 0
1729 2
1730 0
1731 6
1732 0
1733 6
1734 0
1735 6
1736 0
1737 0
1738 0
1739 6
1740 6
1741 0
1742 0
1743 6
1744 0
1745 7
1746 0
1747 6
1748 6
1749 6
1750 7
1751 2
1752 6
1753 7
1754 3
1755 6
1756 0
1757 6
1758 3
1759 0
1760 7
1761 6
1762 0
1763 0
1764 6
1765 3
1766 5
1767 6
1768 0
1769 6
1770 6
1771 0
1772 0
1773 0
1774 3
1775 0
1776 6
1777 0
1778 6
1779 0
1780 0
1781 4
1782 0
1783 0
1784 6
1785 0
1786 0
1787 2
1788 6
1789 0
1790 3
1791 6
1792 6
1793 0
1794 0
1795 0
1796 0
1797 0
1798 3
1799 0
1800 2
1801 0
1802 6
1803 2
1804 3
1805 0
1806 6
1807 0
1808 3
1809 3
1810 7
1811 7
1812 7
1813 2
1814 7
1815 3
1816 5
1817 2
1818 3
1819 3
1820 3
1821 0
1822 3
1823 6
1824 6
1825 0
1826 0
1827 6
1828 6
1829 6
1830 6
1831 2
1832 1
1833 0
1834 6
1835 6
1836 2
1837 4
1838 0
1839 2
1840 0
1841 0
1842 0
1843 0
1844 6
1845 3
1846 6
1847 0
1848 3
1849 0
1850 5
1851 5
1852 6
1853 6
1854 6
1855 7
1856 6
1857 0
1858 5
1859 6
1860 6
1861 6
1862 0
1863 5
1864 6
1865 0
1866 6
1867 2
1868 2
1869 6
1870 6
1871 0
1872 6
1873 7
1874 7
1875 2
1876 7
1877 6
1878 7
1879 6
1880 2
1881 7
1882 7
1883 2
1884 7
1885 7
1886 7
1887 7
1888 7
1889 6
1890 7
1891 2
1892 3
1893 6
1894 2
1895 2
1896 0
1897 6
1898 1
1899 7
1900 7
1901 6
1902 2
1903 7
1904 6
1905 7
1906 7
1907 7
1908 7
1909 7
1910 1
1911 6
1912 0
1913 7
1914 7
1915 0
1916 1
1917 7
1918 7
1919 7
1920 7
1921 0
1922 2
1923 6
1924 7
1925 6
1926 4
1927 1
1928 7
1929 6
1930 4
1931 7
1932 7
1933 7
1934 3
1935 6
1936 7
1937 0
1938 2
1939 0
1940 7
1941 0
1942 0
1943 7
1944 6
1945 6
1946 2
1947 6
1948 3
1949 1
1950 6
1951 6
1952 7
1953 7
1954 2
1955 6
1956 2
1957 7
1958 6
1959 2
1960 7
1961 7
1962 0
1963 6
1964 6
1965 2
1966 4
1967 7
1968 7
1969 1
1970 1
1971 2
1972 7
1973 3
1974 3
1975 2
1976 0
1977 2
1978 0
1979 2
1980 4
1981 2
1982 4
1983 2
1984 7
1985 0
1986 0
1987 6
1988 1
1989 7
1990 0
1991 2
1992 1
1993 7
1994 7
1995 6
1996 2
1997 5
1998 6
1999 2
2000 7
2001 0
2002 0
2003 7
2004 7
2005 7
2006 7
2007 7
2008 2
2009 7
2010 4
2011 0
2012 6
2013 0
2014 7
2015 2
2016 3
2017 2
2018 0
2019 7
2020 7
2021 7
2022 3
2023 6
2024 2
2025 2
2026 3
2027 2
2028 2
2029 2
2030 6
2031 0
2032 7
2033 6
2034 7
2035 7
2036 0
2037 2
2038 6
2039 7
2040 6
2041 7
2042 2
2043 6
2044 6
2045 7
2046 7
2047 0
2048 6
2049 7
2050 0
2051 2
2052 3
2053 3
2054 0
2055 0
2056 0
2057 0
2058 3
2059 3
2060 3
2061 6
2062 0
2063 0
2064 3
2065 3
2066 0
2067 7
2068 0
2069 0
2070 6
2071 3
2072 0
2073 2
2074 6
2075 6
2076 3
2077 0
2078 0
2079 6
2080 3
2081 0
2082 0
2083 3
2084 6
2085 2
2086 3
2087 0
2088 7
2089 0
2090 0
2091 2
2092 6
2093 2
2094 3
2095 6
2096 3
2097 0
2098 3
2099 6
2100 6
2101 3
2102 0
2103 6
2104 6
2105 3
2106 0
2107 0
2108 0
2109 6
2110 6
2111 3
2112 0
2113 3
2114 6
2115 2
2116 6
2117 6
2118 3
2119 5
2120 6
2121 6
2122 3
2123 6
2124 6
2125 0
2126 0
2127 0
2128 0
2129 0
2130 0
2131 0
2132 0
2133 6
2134 6
2135 6
2136 5
2137 6
2138 6
2139 3
2140 6
2141 0
2142 0
2143 0
2144 2
2145 3
2146 6
2147 6
2148 6
2149 0
2150 6
2151 0
2152 0
2153 6
2154 0
2155 3
2156 6
2157 7
2158 0
2159 0
2160 1
2161 0
2162 6
2163 0
2164 0
2165 2
2166 6
2167 0
2168 7
2169 0
2170 7
2171 6
2172 1
2173 0
2174 7
2175 1
2176 6
2177 7
2178 1
2179 3
2180 1
2181 0
2182 6
2183 3
2184 6
2185 2
2186 3
2187 7
2188 0
2189 6
2190 0
2191 7
2192 0
2193 7
2194 3
2195 6
2196 0
2197 0
2198 2
2199 6
2200 1
2201 1
2202 6
2203 0
2204 3
2205 7
2206 0
2207 6
2208 7
2209 0
2210 7
2211 6
2212 6
2213 0
2214 6
2215 0
2216 7
2217 6
2218 6
2219 2
2220 2
2221 0
2222 0
2223 6
2224 6
2225 7
2226 7
2227 7
2228 7
2229 0
2230 1
2231 6
2232 7
2233 7
2234 3
2235 7
2236 0
2237 6
2238 6
2239 7
2240 0
2241 6
2242 6
2243 7
2244 6
2245 2
2246 0
2247 3
2248 0
2249 7
2250 2
2251 6
2252 7
2253 7
2254 0
2255 7
2256 6
2257 6
2258 0
2259 6
2260 6
2261 7
2262 6
2263 1
2264 2
2265 2
2266 2
2267 6
2268 2
2269 1
2270 3
2271 7
2272 0
2273 0
2274 2
2275 4
2276 3
2277 0
2278 0
2279 3
2280 0
2281 1
2282 7
2283 6
2284 7
2285 7
2286 2
2287 7
2288 1
2289 3
2290 0
2291 7
2292 0
2293 7
2294 0
2295 3
2296 6
2297 0
2298 6
2299 7
2300 0
2301 0
2302 7
2303 0
2304 7
2305 0
2306 7
2307 0
2308 2
2309 3
2310 0
2311 2
2312 0
2313 3
2314 2
2315 0
2316 0
2317 1
2318 2
2319 2
2320 1
2321 6
2322 2
2323 7
2324 7
2325 0
2326 7
2327 7
2328 3
2329 6
2330 6
2331 0
2332 0
2333 0
2334 6
2335 6
2336 0
2337 2
2338 0
2339 0
2340 6
2341 7
2342 6
2343 7
2344 7
2345 6
2346 3
2347 0
2348 0
2349 0
2350 7
2351 7
2352 6
2353 7
2354 2
2355 2
2356 0
2357 0
2358 6
2359 2
2360 7
2361 0
2362 3
2363 0
2364 6
2365 7
2366 7
2367 0
2368 1
2369 3
2370 7
2371 0
2372 3
2373 7
2374 7
2375 7
2376 7
2377 7
2378 2
2379 0
2380 7
2381 6
2382 6
2383 2
2384 6
2385 2
2386 6
2387 0
2388 2
2389 7
2390 0
2391 2
2392 7
2393 7
2394 3
2395 3
2396 3
2397 0
2398 6
2399 6
2400 7
2401 0
2402 7
2403 7
2404 6
2405 7
2406 0
2407 2
2408 7
2409 0
2410 0
2411 6
2412 1
2413 6
2414 7
2415 1
2416 0
2417 7
2418 0
2419 7
2420 6
2421 0
2422 2
2423 7
2424 6
2425 7
2426 2
2427 6
2428 5
2429 6
2430 7
2431 2
2432 1
2433 0
2434 0
2435 0
2436 3
2437 3
2438 6
2439 0
2440 6
2441 4
2442 7
2443 7
2444 6
2445 7
2446 3
2447 7
2448 2
2449 7
2450 2
2451 4
2452 7
2453 7
2454 2
2455 2
2456 6
2457 0
2458 2
2459 6
2460 0
2461 2
2462 7
2463 6
2464 2
2465 1
2466 3
2467 2
2468 0
2469 3
2470 6
2471 6
2472 2
2473 0
2474 0
2475 7
2476 0
2477 0
2478 0
2479 2
2480 3
2481 0
2482 7
2483 3
2484 0
2485 3
2486 0
2487 0
2488 0
2489 1
2490 3
2491 7
2492 0
2493 0
2494 2
2495 3
2496 7
2497 7
2498 0
2499 6
2500 3
